u =

     0.00000
     0.00000
     0.00000
     0.00000
     0.00000
     0.00000
     0.00000
     0.00000
   -24.91495
   -25.58938
    -6.05596
   -20.86106
     5.33820
   -20.29804
    25.92981
   -24.18719
   -36.94732
   -57.82623
   -12.79622
   -57.02499
     9.71461
   -55.93772
    43.05276
   -60.43795
   -39.76150
   -88.50557
   -13.71872
   -91.69448
    12.05299
  -109.31405
    48.10080
  -102.77935

df0dx =

  -148.502
   -78.615
  -147.728
   -80.217
   -83.169
   -87.643
   -31.611
  -104.190
   -58.181
